"동별(1)"	동별(2)	동별(3)	2020 3/4	2020 3/4	2020 3/4	2020 3/4	2020 3/4	2020 3/4	2020 3/4	2020 3/4	2020 3/4	2020 3/4	2020 3/4
"동별(1)"	동별(2)	동별(3)	세대 (세대)	계	계	한국인	한국인	한국인	등록외국인	등록외국인	등록외국인	세대당인구	65세이상고령자
"동별(1)"	동별(2)	동별(3)	소계	남자	여자	소계	남자	여자	소계	남자	여자	소계	소계
"합계"	소계	소계	4405833	4840912	5112097	9699232	4719170	4980062	253777	121742	132035	2.20	1552356
"합계"	종로구	소계	74861	77391	82451	149952	73024	76928	9890	4367	5523	2.00	28396
"합계"	종로구	사직동	4765	4447	5401	9568	4284	5284	280	163	117	2.01	1849
"합계"	종로구	삼청동	1369	1428	1534	2692	1296	1396	270	132	138	1.97	682
"합계"	종로구	부암동	4348	4935	5412	10008	4760	5248	339	175	164	2.30	1825
"합계"	종로구	평창동	7518	8678	9940	18431	8594	9837	187	84	103	2.45	3363
"합계"	종로구	무악동	3203	4041	4614	8610	4021	4589	45	20	25	2.69	1464
"합계"	종로구	교남동	4594	4952	5708	10506	4876	5630	154	76	78	2.29	1625
"합계"	종로구	가회동	2070	2051	2371	4328	1998	2330	94	53	41	2.09	934
"합계"	종로구	종로1.2.3.4가동	5234	4954	3464	7206	4329	2877	1212	625	587	1.38	2002
"합계"	종로구	종로5.6가동	3459	3160	2649	5350	2904	2446	459	256	203	2.00	1130
"합계"	종로구	이화동	4433	3806	4418	7674	3614	4060	550	192	358	1.73	1407
"합계"	종로구	창신1동	2981	3239	2796	5165	2798	2367	870	441	429	1.73	1252
"합계"	종로구	창신2동	4150	4893	4675	8345	4299	4046	1223	594	629	2.01	1785
"합계"	종로구	창신3동	2907	3495	3629	6939	3392	3547	185	103	82	2.39	1231
"합계"	종로구	숭인1동	3015	3108	3327	6106	2972	3134	329	136	193	2.03	1211
"합계"	종로구	숭인2동	6046	5052	5025	9618	4889	4729	459	163	296	1.59	1689
"합계"	종로구	청운효자동	5376	5939	6769	12479	5815	6664	229	124	105	2	2235
"합계"	종로구	혜화동	9393	9213	10719	16927	8183	8744	3005	1030	1975	1.80	2712
"합계"	중구	소계	63594	66193	69128	125800	61526	64274	9521	4667	4854	1.98	24265
"합계"	중구	소공동	1141	1547	1459	2086	1024	1062	920	523	397	1.83	289
"합계"	중구	회현동	3042	3087	2716	5182	2753	2429	621	334	287	1.70	1545
"합계"	중구	명동	1583	1640	2009	2956	1265	1691	693	375	318	1.87	787
"합계"	중구	필동	2392	2432	2349	4028	2079	1949	753	353	400	1.68	854
"합계"	중구	장충동	2771	2733	2769	4692	2367	2325	810	366	444	1.69	840
"합계"	중구	광희동	3132	3328	3036	5072	2669	2403	1292	659	633	1.62	1219
"합계"	중구	을지로동	1385	1179	811	1835	1099	736	155	80	75	1.32	518
"합계"	중구	신당5동	5389	5317	5653	10618	5170	5448	352	147	205	1.97	1784
"합계"	중구	황학동	6928	6488	7156	12649	6030	6619	995	458	537	1.83	1988
"합계"	중구	중림동	5869	6449	6430	12578	6283	6295	301	166	135	2.14	2099
"합계"	중구	신당동	4572	4512	4631	7631	3824	3807	1512	688	824	1.67	1425
"합계"	중구	다산동	6995	7195	7687	14386	6987	7399	496	208	288	2.06	2651
"합계"	중구	약수동	7811	8236	9237	17250	8121	9129	223	115	108	2.21	3750
"합계"	중구	청구동	6404	6801	7541	14117	6692	7425	225	109	116	2.20	2661
"합계"	중구	동화동	4180	5249	5644	10720	5163	5557	173	86	87	2.56	1855
"합계"	용산구	소계	112451	119074	125879	229786	110604	119182	15167	8470	6697	2.04	39995
"합계"	용산구	후암동	8655	8924	9367	17757	8645	9112	534	279	255	2.05	3085
"합계"	용산구	용산2가동	5415	5582	5846	10111	4872	5239	1317	710	607	1.87	2110
"합계"	용산구	남영동	5440	4944	3246	7699	4698	3001	491	246	245	1.42	1655
"합계"	용산구	원효로1동	7971	8069	8653	16072	7729	8343	650	340	310	2.02	2006
"합계"	용산구	원효로2동	6077	6802	7691	14346	6741	7605	147	61	86	2.36	2422
"합계"	용산구	효창동	4367	4920	5452	10251	4855	5396	121	65	56	2.35	1453
"합계"	용산구	용문동	5412	5922	6526	12314	5862	6452	134	60	74	2.28	2095
"합계"	용산구	이촌1동	10350	13665	15479	28300	13219	15081	844	446	398	2.73	4541
"합계"	용산구	이촌2동	3862	4155	4700	8764	4116	4648	91	39	52	2.27	1790
"합계"	용산구	이태원1동	3898	4612	4317	6935	3278	3657	1994	1334	660	1.78	1635
"합계"	용산구	이태원2동	4995	5082	5706	9256	4270	4986	1532	812	720	1.85	1916
"합계"	용산구	서빙고동	5307	6767	7262	13248	6360	6888	781	407	374	2.50	2115
"합계"	용산구	보광동	7781	8118	7687	14283	7084	7199	1522	1034	488	1.84	2794
"합계"	용산구	청파동	11097	9571	11009	19889	9326	10563	691	245	446	1.79	3387
"합계"	용산구	한강로동	10407	10164	10746	19271	9294	9977	1639	870	769	1.85	3197
"합계"	용산구	한남동	11417	11777	12192	21290	10255	11035	2679	1522	1157	1.86	3794
"합계"	성동구	소계	136096	147582	155113	295591	144444	151147	7104	3138	3966	2.17	45372
"합계"	성동구	왕십리2동	7629	8539	9016	17188	8369	8819	367	170	197	2.25	2615
"합계"	성동구	마장동	10918	11565	12018	22940	11324	11616	643	241	402	2.10	3804
"합계"	성동구	사근동	7787	6680	6743	11948	6120	5828	1475	560	915	1.53	1495
"합계"	성동구	행당1동	6519	6998	7547	14243	6868	7375	302	130	172	2.18	2110
"합계"	성동구	행당2동	9485	11400	12873	24184	11364	12820	89	36	53	2.55	3747
"합계"	성동구	응봉동	6143	7508	8367	15809	7485	8324	66	23	43	2.57	2527
"합계"	성동구	금호1가동	6720	7604	8293	15813	7564	8249	84	40	44	2.35	2539
"합계"	성동구	금호4가동	6469	7168	7790	14813	7096	7717	145	72	73	2.29	2299
"합계"	성동구	성수1가1동	7620	8494	8460	16640	8316	8324	314	178	136	2.18	2177
"합계"	성동구	성수1가2동	6586	6840	7074	13622	6704	6918	292	136	156	2.07	1924
"합계"	성동구	성수2가1동	8496	9037	8328	16762	8765	7997	603	272	331	1.97	2867
"합계"	성동구	성수2가3동	5772	5875	5688	11264	5706	5558	299	169	130	1.95	1868
"합계"	성동구	송정동	5573	5943	5311	10805	5709	5096	449	234	215	1.94	1735
"합계"	성동구	용답동	6910	6777	6202	11948	6337	5611	1031	440	591	1.73	2143
"합계"	성동구	왕십리도선동	12023	13226	14560	27270	13004	14266	516	222	294	2.27	3693
"합계"	성동구	금호2.3가동	10346	11311	12426	23559	11232	12327	178	79	99	2.28	3858
"합계"	성동구	옥수동	11100	12617	14417	26783	12481	14302	251	136	115	2.41	3971
"합계"	광진구	소계	166857	174077	187846	348064	168095	179969	13859	5982	7877	2.09	50047
"합계"	광진구	화양동	16799	11597	13679	22452	10632	11820	2824	965	1859	1.34	2294
"합계"	광진구	군자동	11077	10761	11103	19958	9864	10094	1906	897	1009	1.80	2942
"합계"	광진구	중곡1동	8186	7866	8261	15694	7674	8020	433	192	241	1.92	2458
"합계"	광진구	중곡2동	10613	10581	11755	22000	10439	11561	336	142	194	2.07	3172
"합계"	광진구	중곡3동	8570	8435	8606	16812	8353	8459	229	82	147	1.96	2807
"합계"	광진구	중곡4동	13268	14702	15400	29671	14530	15141	431	172	259	2.24	4947
"합계"	광진구	능동	6495	5501	6422	11600	5338	6262	323	163	160	1.79	1602
"합계"	광진구	구의1동	12123	10912	11951	22152	10582	11570	711	330	381	1.83	3062
"합계"	광진구	구의2동	11680	13215	14328	27071	13010	14061	472	205	267	2.32	4220
"합계"	광진구	구의3동	12197	14089	15565	29347	13940	15407	307	149	158	2.41	3891
"합계"	광진구	광장동	12099	17313	18556	35685	17232	18453	184	81	103	2.95	3690
"합계"	광진구	자양1동	11784	11472	12404	22898	11030	11868	978	442	536	1.94	3355
"합계"	광진구	자양2동	11240	12815	13515	25934	12628	13306	396	187	209	2.31	3877
"합계"	광진구	자양3동	11168	13983	15091	28805	13865	14940	269	118	151	2.58	4024
"합계"	광진구	자양4동	9558	10835	11210	17985	8978	9007	4060	1857	2203	2	3706
"합계"	동대문구	소계	167232	176433	182246	344416	170748	173668	14263	5685	8578	2.06	61408
"합계"	동대문구	전농1동	15174	15402	15391	30238	15175	15063	555	227	328	1.99	5601
"합계"	동대문구	전농2동	7772	9435	10210	19277	9291	9986	368	144	224	2.48	3594
"합계"	동대문구	답십리1동	12845	14323	15251	29158	14139	15019	416	184	232	2.27	4091
"합계"	동대문구	답십리2동	12914	14506	15295	29509	14359	15150	292	147	145	2.29	5450
"합계"	동대문구	장안1동	18135	19472	19802	38680	19220	19460	594	252	342	2.13	6258
"합계"	동대문구	장안2동	13970	16675	16673	33050	16560	16490	298	115	183	2.37	4990
"합계"	동대문구	회기동	6243	5785	6759	10403	4967	5436	2141	818	1323	1.67	1561
"합계"	동대문구	휘경1동	7122	7252	8055	13632	6628	7004	1675	624	1051	1.91	2143
"합계"	동대문구	휘경2동	11857	12390	12704	24418	12140	12278	676	250	426	2.06	3901
"합계"	동대문구	이문1동	10499	10218	10982	18507	9199	9308	2693	1019	1674	1.76	3266
"합계"	동대문구	이문2동	8684	10218	10855	20590	10003	10587	483	215	268	2.37	3836
"합계"	동대문구	청량리동	10435	10636	10688	20738	10359	10379	586	277	309	1.99	5365
"합계"	동대문구	용신동	18261	16474	16096	31137	15827	15310	1433	647	786	1.71	5673
"합계"	동대문구	제기동	13321	13647	13485	25079	12881	12198	2053	766	1287	1.88	5679
"합계"	중랑구	소계	185109	198012	202977	395997	195981	200016	4992	2031	2961	2.14	68658
"합계"	중랑구	면목2동	12290	12617	12738	25005	12480	12525	350	137	213	2.03	4402
"합계"	중랑구	면목4동	9049	9625	9717	19037	9500	9537	305	125	180	2.10	3639
"합계"	중랑구	면목5동	6164	7179	7117	14164	7133	7031	132	46	86	2.30	2069
"합계"	중랑구	면목7동	10613	11348	11333	22330	11203	11127	351	145	206	2.10	4142
"합계"	중랑구	상봉1동	10277	12251	12792	24884	12188	12696	159	63	96	2.42	3583
"합계"	중랑구	상봉2동	11559	9770	10334	19776	9635	10141	328	135	193	1.71	2941
"합계"	중랑구	중화1동	9092	10025	10463	20308	9952	10356	180	73	107	2.23	3434
"합계"	중랑구	중화2동	13959	13551	12899	25922	13317	12605	528	234	294	1.86	4928
"합계"	중랑구	묵1동	14966	17333	18470	35622	17277	18345	181	56	125	2.38	5717
"합계"	중랑구	묵2동	9310	9664	10047	19480	9577	9903	231	87	144	2.09	3432
"합계"	중랑구	망우3동	8432	8842	8778	17231	8673	8558	389	169	220	2.04	3243
"합계"	중랑구	신내1동	14864	19594	20647	40091	19525	20566	150	69	81	2.70	6560
"합계"	중랑구	신내2동	9092	10238	11233	21380	10210	11170	91	28	63	2.35	3875
"합계"	중랑구	면목본동	17681	17593	17868	34618	17238	17380	843	355	488	1.96	5938
"합계"	중랑구	면목3.8동	12733	12929	13168	25682	12757	12925	415	172	243	2.02	4873
"합계"	중랑구	망우본동	15028	15453	15373	30467	15316	15151	359	137	222	2.03	5882
"합계"	성북구	소계	195379	216155	233716	439719	212151	227568	10152	4004	6148	2.25	73370
"합계"	성북구	돈암1동	6228	7211	8251	15367	7173	8194	95	38	57	2.47	2822
"합계"	성북구	돈암2동	8718	11792	12955	24645	11741	12904	102	51	51	2.83	3384
"합계"	성북구	안암동	9381	8286	8499	15304	7747	7557	1481	539	942	1.63	2183
"합계"	성북구	보문동	7928	7901	8488	16023	7743	8280	366	158	208	2.02	2413
"합계"	성북구	정릉1동	7527	9181	9911	18836	9084	9752	256	97	159	2.50	3085
"합계"	성북구	정릉2동	9821	11476	12263	23516	11396	12120	223	80	143	2.39	4340
"합계"	성북구	정릉3동	7974	8336	8628	15588	7726	7862	1376	610	766	1.95	3278
"합계"	성북구	정릉4동	10987	12614	13557	25787	12468	13319	384	146	238	2.35	4760
"합계"	성북구	길음1동	12819	17441	19222	36498	17370	19128	165	71	94	2.85	4447
"합계"	성북구	길음2동	7129	8358	8939	17166	8306	8860	131	52	79	2.41	2559
"합계"	성북구	월곡1동	10878	13119	14087	27003	13048	13955	203	71	132	2.48	4614
"합계"	성북구	월곡2동	9576	9838	10643	19965	9592	10373	516	246	270	2.08	3564
"합계"	성북구	장위1동	9140	9972	10513	20286	9903	10383	199	69	130	2.22	3676
"합계"	성북구	장위2동	6569	6996	7205	13964	6895	7069	237	101	136	2.13	3096
"합계"	성북구	장위3동	7393	8925	9102	17848	8846	9002	179	79	100	2.41	2487
"합계"	성북구	성북동	8230	8152	9379	16976	7924	9052	555	228	327	2.06	3103
"합계"	성북구	삼선동	11750	11555	12799	23786	11329	12457	568	226	342	2.02	3924
"합계"	성북구	동선동	9339	6762	9521	15624	6580	9044	659	182	477	1.67	2265
"합계"	성북구	종암동	17378	20179	21257	39879	19647	20232	1557	532	1025	2.29	6561
"합계"	성북구	석관동	16614	18061	18497	35658	17633	18025	900	428	472	2.15	6809
"합계"	강북구	소계	145790	152458	161092	309996	151117	158879	3554	1341	2213	2.13	62951
"합계"	강북구	번1동	10456	9734	9825	19164	9592	9572	395	142	253	1.83	3566
"합계"	강북구	번2동	7651	8102	8605	16593	8059	8534	114	43	71	2.17	3933
"합계"	강북구	번3동	7601	8351	9412	17695	8339	9356	68	12	56	2.33	4604
"합계"	강북구	수유1동	10445	10634	10951	21335	10549	10786	250	85	165	2.04	4385
"합계"	강북구	수유2동	9701	10339	11305	21504	10296	11208	140	43	97	2.22	4663
"합계"	강북구	수유3동	12955	11851	12112	23591	11709	11882	372	142	230	1.82	4525
"합계"	강북구	삼양동	11386	12405	12528	24750	12338	12412	183	67	116	2.17	4842
"합계"	강북구	미아동	11717	10948	11832	22275	10735	11540	505	213	292	1.90	4406
"합계"	강북구	송중동	14074	14907	16194	30502	14670	15832	599	237	362	2.17	5965
"합계"	강북구	송천동	13817	13984	14185	27721	13800	13921	448	184	264	2.01	6075
"합계"	강북구	삼각산동	11770	15526	16805	32205	15477	16728	126	49	77	2.74	4327
"합계"	강북구	우이동	9609	10299	10881	21042	10242	10800	138	57	81	2.19	4718
"합계"	강북구	인수동	14608	15378	16457	31619	15311	16308	216	67	149	2.16	6942
"합계"	도봉구	소계	139029	160526	168774	327248	159723	167525	2052	803	1249	2.35	61388
"합계"	도봉구	쌍문1동	9452	10636	11469	21941	10579	11362	164	57	107	2.32	4388
"합계"	도봉구	쌍문2동	8682	9445	10142	19422	9364	10058	165	81	84	2.24	3790
"합계"	도봉구	쌍문3동	7878	8237	8767	16845	8177	8668	159	60	99	2.14	3362
"합계"	도봉구	쌍문4동	7187	9214	10202	19381	9203	10178	35	11	24	2.70	2922
"합계"	도봉구	방학1동	12745	14595	14858	29188	14498	14690	265	97	168	2.29	5558
"합계"	도봉구	방학2동	9554	10391	10197	20397	10309	10088	191	82	109	2.13	4207
"합계"	도봉구	방학3동	10078	13654	14467	28048	13630	14418	73	24	49	2.78	4736
"합계"	도봉구	창1동	10906	12176	13402	25422	12116	13306	156	60	96	2.33	4423
"합계"	도봉구	창2동	12420	14706	15351	29786	14586	15200	271	120	151	2.40	5009
"합계"	도봉구	창3동	6672	7246	7269	14420	7213	7207	95	33	62	2.16	2880
"합계"	도봉구	창4동	10702	13194	14228	27333	13155	14178	89	39	50	2.55	4061
"합계"	도봉구	창5동	10229	12184	13221	25290	12150	13140	115	34	81	2.47	4170
"합계"	도봉구	도봉1동	10388	11075	10841	21768	11022	10746	148	53	95	2.10	5606
"합계"	도봉구	도봉2동	12136	13773	14360	28007	13721	14286	126	52	74	2.31	6276
"합계"	노원구	소계	218002	255618	273914	525486	253797	271689	4046	1821	2225	2.41	84612
"합계"	노원구	월계1동	10551	12024	11293	22684	11684	11000	633	340	293	2.15	4244
"합계"	노원구	월계2동	12098	13436	14446	27735	13386	14349	147	50	97	2.29	5638
"합계"	노원구	월계3동	13002	14828	16138	30770	14750	16020	196	78	118	2.37	5824
"합계"	노원구	공릉1동	18239	18814	19730	37872	18471	19401	672	343	329	2.08	6261
"합계"	노원구	공릉2동	16424	19735	20735	39868	19441	20427	602	294	308	2.43	5132
"합계"	노원구	하계1동	11728	13591	14597	27695	13350	14345	493	241	252	2.36	4286
"합계"	노원구	하계2동	8293	10920	11993	22851	10896	11955	62	24	38	2.76	3097
"합계"	노원구	중계본동	8770	12366	12921	25223	12341	12882	64	25	39	2.88	2595
"합계"	노원구	중계1동	9075	13487	14159	27558	13447	14111	88	40	48	3.04	2291
"합계"	노원구	중계4동	8486	10073	10791	20806	10054	10752	58	19	39	2.45	3923
"합계"	노원구	상계1동	15653	19153	20307	39302	19101	20201	158	52	106	2.51	6776
"합계"	노원구	상계2동	8782	10308	10558	20708	10239	10469	158	69	89	2.36	3243
"합계"	노원구	상계5동	10991	12122	12827	24820	12071	12749	129	51	78	2.26	4972
"합계"	노원구	상계8동	9242	11183	12083	23215	11171	12044	51	12	39	2.51	2763
"합계"	노원구	상계9동	8441	10185	11256	21356	10161	11195	85	24	61	2.53	3284
"합계"	노원구	상계10동	6642	7511	8847	16298	7485	8813	60	26	34	2.45	2296
"합계"	노원구	중계2.3동	15435	16590	19348	35801	16543	19258	137	47	90	2.32	7194
"합계"	노원구	상계3.4동	12203	13543	13752	27184	13511	13673	111	32	79	2.23	5979
"합계"	노원구	상계6.7동	13947	15749	18133	33740	15695	18045	142	54	88	2.42	4814
"합계"	은평구	소계	213039	233104	252738	481546	231364	250182	4296	1740	2556	2.26	84353
"합계"	은평구	녹번동	17380	18072	19829	37467	17872	19595	434	200	234	2.16	6790
"합계"	은평구	불광1동	17954	18996	21148	39851	18869	20982	293	127	166	2.22	7616
"합계"	은평구	불광2동	13911	14015	14894	28613	13892	14721	296	123	173	2.06	5822
"합계"	은평구	갈현1동	11206	11530	12100	23399	11420	11979	231	110	121	2.09	4380
"합계"	은평구	갈현2동	12653	13994	15490	29125	13850	15275	359	144	215	2.30	4846
"합계"	은평구	구산동	13359	16541	16723	33016	16441	16575	248	100	148	2.47	6079
"합계"	은평구	대조동	14238	12890	14779	27306	12745	14561	363	145	218	1.92	4955
"합계"	은평구	응암1동	13752	14633	16203	30535	14509	16026	301	124	177	2.22	4743
"합계"	은평구	응암2동	10965	13473	14345	27604	13385	14219	214	88	126	2.52	3711
"합계"	은평구	응암3동	12732	12529	13144	25328	12398	12930	345	131	214	1.99	5558
"합계"	은평구	신사1동	11835	13493	14500	27759	13410	14349	234	83	151	2.35	4783
"합계"	은평구	신사2동	9073	10524	10594	20976	10476	10500	142	48	94	2.31	3841
"합계"	은평구	증산동	6886	7636	7981	15482	7580	7902	135	56	79	2.25	3073
"합계"	은평구	수색동	4665	5489	5571	10993	5465	5528	67	24	43	2.36	1992
"합계"	은평구	진관동	21639	26973	30518	57262	26882	30380	229	91	138	2.65	7921
"합계"	은평구	역촌동	20791	22316	24919	46830	22170	24660	405	146	259	2.25	8243
"합계"	서대문구	소계	144494	153763	170097	313212	149993	163219	10648	3770	6878	2.17	53869
"합계"	서대문구	천연동	8113	8666	9580	17968	8526	9442	278	140	138	2.21	3318
"합계"	서대문구	홍제1동	10481	11624	13117	24456	11490	12966	285	134	151	2.33	4460
"합계"	서대문구	홍제2동	5913	6857	7577	14325	6811	7514	109	46	63	2.42	2695
"합계"	서대문구	홍제3동	7107	7782	8273	15882	7711	8171	173	71	102	2.23	3565
"합계"	서대문구	홍은1동	9613	11169	11917	22840	11068	11772	246	101	145	2.38	4461
"합계"	서대문구	홍은2동	12338	13395	14452	27148	13114	14034	699	281	418	2.20	5041
"합계"	서대문구	남가좌1동	5904	7803	8431	15981	7699	8282	253	104	149	2.71	2124
"합계"	서대문구	남가좌2동	13220	14787	16064	30016	14479	15537	835	308	527	2.27	4755
"합계"	서대문구	북가좌1동	6987	9006	9687	18568	8958	9610	125	48	77	2.66	2902
"합계"	서대문구	북가좌2동	14774	16108	17082	32827	15973	16854	363	135	228	2.22	6217
"합계"	서대문구	충현동	10113	9895	10696	20169	9703	10466	422	192	230	1.99	3375
"합계"	서대문구	북아현동	7478	8153	8944	16747	8006	8741	350	147	203	2.24	2322
"합계"	서대문구	신촌동	13143	9446	13448	19184	8543	10641	3710	903	2807	1.46	2213
"합계"	서대문구	연희동	19310	19072	20829	37101	17912	19189	2800	1160	1640	1.92	6421
"합계"	마포구	소계	178495	179899	203595	373508	176011	197497	9986	3888	6098	2.09	54053
"합계"	마포구	용강동	9274	10539	11744	21835	10299	11536	448	240	208	2.35	2913
"합계"	마포구	대흥동	8379	7413	8406	14340	6938	7402	1479	475	1004	1.71	2084
"합계"	마포구	염리동	5652	6083	6830	12128	5844	6284	785	239	546	2.15	1757
"합계"	마포구	신수동	10257	11462	12221	23267	11306	11961	416	156	260	2.27	3319
"합계"	마포구	서교동	15274	12005	14707	25129	11477	13652	1583	528	1055	1.65	3464
"합계"	마포구	합정동	9721	8702	10045	18394	8551	9843	353	151	202	1.89	2685
"합계"	마포구	망원1동	10557	9974	11306	20941	9838	11103	339	136	203	1.98	3402
"합계"	마포구	망원2동	8511	9076	10166	19054	8999	10055	188	77	111	2.24	3043
"합계"	마포구	연남동	8873	7823	8908	15702	7390	8312	1029	433	596	1.77	2529
"합계"	마포구	성산1동	9468	9346	10544	19546	9192	10354	344	154	190	2.06	2938
"합계"	마포구	성산2동	19028	18645	22313	40645	18533	22112	313	112	201	2.14	6065
"합계"	마포구	상암동	12823	15398	16854	31634	15114	16520	618	284	334	2.47	3904
"합계"	마포구	도화동	9553	10576	11526	21854	10460	11394	248	116	132	2.29	3708
"합계"	마포구	서강동	11703	12102	13519	24912	11870	13042	709	232	477	2.13	3168
"합계"	마포구	공덕동	18989	18670	20780	38785	18344	20441	665	326	339	2.04	5974
"합계"	마포구	아현동	10433	12085	13726	25342	11856	13486	469	229	240	2.43	3100
"합계"	양천구	소계	180309	225596	234452	456240	223889	232351	3808	1707	2101	2.53	64804
"합계"	양천구	목1동	10565	15242	16529	31595	15149	16446	176	93	83	2.99	3063
"합계"	양천구	목2동	13242	14989	15898	30625	14878	15747	262	111	151	2.31	4065
"합계"	양천구	목3동	10060	10859	11875	22547	10777	11770	187	82	105	2.24	3224
"합계"	양천구	목4동	10120	12872	13433	26065	12749	13316	240	123	117	2.58	3132
"합계"	양천구	목5동	13566	21009	21450	42385	20975	21410	74	34	40	3.12	4233
"합계"	양천구	신월1동	10165	10910	10416	20999	10768	10231	327	142	185	2.07	4049
"합계"	양천구	신월2동	8587	10638	11021	21480	10556	10924	179	82	97	2.50	3754
"합계"	양천구	신월3동	8112	8530	7631	15939	8429	7510	222	101	121	1.96	2926
"합계"	양천구	신월4동	6943	9108	9471	18489	9081	9408	90	27	63	2.66	3105
"합계"	양천구	신월5동	6481	7602	7735	15181	7535	7646	156	67	89	2.34	2375
"합계"	양천구	신월6동	5079	6666	6851	13468	6647	6821	49	19	30	2.65	1655
"합계"	양천구	신월7동	9230	10190	10639	20685	10149	10536	144	41	103	2.24	4228
"합계"	양천구	신정1동	7200	10318	10831	21013	10254	10759	136	64	72	2.92	2623
"합계"	양천구	신정2동	7142	9978	10399	20155	9890	10265	222	88	134	2.82	2542
"합계"	양천구	신정3동	17893	22960	24156	46704	22762	23942	412	198	214	2.61	6730
"합계"	양천구	신정4동	16081	16892	17587	33764	16555	17209	715	337	378	2.10	5719
"합계"	양천구	신정6동	8251	12222	12893	25090	12211	12879	25	11	14	3.04	2610
"합계"	양천구	신정7동	11592	14611	15637	30056	14524	15532	192	87	105	2.59	4771
"합계"	강서구	소계	266366	284747	304789	583544	281951	301593	5992	2796	3196	2.19	88052
"합계"	강서구	염창동	15776	20477	21600	41954	20421	21533	123	56	67	2.66	4170
"합계"	강서구	등촌1동	12835	11274	12779	23850	11205	12645	203	69	134	1.86	2783
"합계"	강서구	등촌2동	8800	10528	10972	21378	10478	10900	122	50	72	2.43	3063
"합계"	강서구	등촌3동	15041	15219	16709	31742	15153	16589	186	66	120	2.11	6428
"합계"	강서구	화곡본동	16749	17189	18066	34844	17022	17822	411	167	244	2.08	4715
"합계"	강서구	화곡1동	26810	26139	27622	52675	25656	27019	1086	483	603	1.96	8086
"합계"	강서구	화곡2동	8234	9180	9717	18604	9054	9550	293	126	167	2.26	2825
"합계"	강서구	화곡3동	9444	10637	11535	22004	10567	11437	168	70	98	2.33	3916
"합계"	강서구	화곡4동	9737	10562	11036	21267	10417	10850	331	145	186	2.18	3710
"합계"	강서구	화곡6동	12230	12377	12944	25114	12296	12818	207	81	126	2.05	3777
"합계"	강서구	화곡8동	11796	12435	13445	25401	12220	13181	479	215	264	2.15	4260
"합계"	강서구	가양1동	19933	15936	18579	34152	15729	18423	363	207	156	1.71	2931
"합계"	강서구	가양2동	8091	6987	7795	14693	6963	7730	89	24	65	1.82	3843
"합계"	강서구	가양3동	7922	7400	8378	15672	7353	8319	106	47	59	1.98	3543
"합계"	강서구	발산1동	13588	17951	19929	37735	17900	19835	145	51	94	2.78	4610
"합계"	강서구	공항동	12773	14217	13531	27018	13727	13291	730	490	240	2.12	3792
"합계"	강서구	방화1동	17466	21884	23004	44629	21781	22848	259	103	156	2.56	6414
"합계"	강서구	방화2동	11613	11656	11863	23181	11456	11725	338	200	138	2.00	4688
"합계"	강서구	방화3동	11331	11537	12274	23665	11492	12173	146	45	101	2.09	4929
"합계"	강서구	우장산동	16197	21162	23011	43966	21061	22905	207	101	106	2.71	5569
"합계"	구로구	소계	179792	217380	218371	405579	200268	205311	30172	17112	13060	2.26	69312
"합계"	구로구	신도림동	13504	17969	18716	36355	17771	18584	330	198	132	2.69	4541
"합계"	구로구	구로1동	8377	10737	11120	21419	10511	10908	438	226	212	2.56	2433
"합계"	구로구	구로2동	12741	17598	16134	24669	12419	12250	9063	5179	3884	1.94	5807
"합계"	구로구	구로3동	13176	13212	12601	23914	12185	11729	1899	1027	872	1.81	3435
"합계"	구로구	구로4동	10687	12884	12627	20531	9989	10542	4980	2895	2085	1.92	4489
"합계"	구로구	구로5동	14697	16102	16657	29528	14328	15200	3231	1774	1457	2.01	4633
"합계"	구로구	고척1동	9582	11822	11860	23261	11608	11653	421	214	207	2.43	4202
"합계"	구로구	고척2동	11586	13919	14186	27534	13624	13910	571	295	276	2.38	4967
"합계"	구로구	개봉1동	14734	17520	17465	33990	17014	16976	995	506	489	2.31	6142
"합계"	구로구	개봉2동	12639	15818	16595	31926	15597	16329	487	221	266	2.53	6129
"합계"	구로구	개봉3동	8824	10486	10981	21007	10264	10743	460	222	238	2.38	4110
"합계"	구로구	오류1동	11634	11423	11927	22637	11077	11560	713	346	367	1.95	3894
"합계"	구로구	오류2동	15557	19342	20666	39239	18944	20295	769	398	371	2.52	6726
"합계"	구로구	수궁동	9936	12052	12305	24020	11878	12142	337	174	163	2.42	4194
"합계"	구로구	가리봉동	6014	8481	6269	9316	5062	4254	5434	3419	2015	1.55	2159
"합계"	구로구	항동	6104	8015	8262	16233	7997	8236	44	18	26	2.66	1451
"합계"	금천구	소계	113887	127292	122349	232157	117489	114668	17484	9803	7681	2.04	39361
"합계"	금천구	가산동	15497	14248	11514	22618	12356	10262	3144	1892	1252	1.46	2555
"합계"	금천구	독산1동	21024	23082	21452	42303	21797	20506	2231	1285	946	2.01	5570
"합계"	금천구	독산2동	9389	10644	10225	19101	9681	9420	1768	963	805	2.03	3347
"합계"	금천구	독산3동	12489	14884	14067	24602	12388	12214	4349	2496	1853	1.97	4466
"합계"	금천구	독산4동	7680	9021	8718	15671	7895	7776	2068	1126	942	2.04	2877
"합계"	금천구	시흥1동	16068	18116	17949	33893	16927	16966	2172	1189	983	2.11	6041
"합계"	금천구	시흥2동	8443	10725	11466	22065	10668	11397	126	57	69	2.61	3972
"합계"	금천구	시흥3동	4775	5667	5708	11210	5588	5622	165	79	86	2.35	2277
"합계"	금천구	시흥4동	9143	10768	10948	20936	10376	10560	780	392	388	2.29	3982
"합계"	금천구	시흥5동	9379	10137	10302	19758	9813	9945	681	324	357	2.11	4274
"합계"	영등포구	소계	182087	202624	203358	375630	185800	189830	30352	16824	13528	2.06	60826
"합계"	영등포구	여의동	13800	16291	18347	34307	16105	18202	331	186	145	2.49	6134
"합계"	영등포구	당산1동	10827	10494	10893	20911	10263	10648	476	231	245	1.93	3335
"합계"	영등포구	당산2동	18425	17819	20182	37564	17618	19946	437	201	236	2.04	4621
"합계"	영등포구	양평1동	9001	8714	8982	17365	8555	8810	331	159	172	1.93	2360
"합계"	영등포구	양평2동	10279	11266	11368	22392	11141	11251	242	125	117	2.18	2489
"합계"	영등포구	신길1동	10410	9931	9483	17546	8910	8636	1868	1021	847	1.69	3375
"합계"	영등포구	신길3동	7662	9094	9182	17010	8400	8610	1266	694	572	2.22	3057
"합계"	영등포구	신길4동	4368	4985	4804	8855	4436	4419	934	549	385	2.03	1911
"합계"	영등포구	신길5동	4980	6231	6432	11206	5411	5795	1457	820	637	2.25	2060
"합계"	영등포구	신길6동	8598	9343	9637	17863	8731	9132	1117	612	505	2.08	3162
"합계"	영등포구	신길7동	7910	10250	10318	20352	10139	10213	216	111	105	2.57	2391
"합계"	영등포구	대림1동	7159	9143	8725	14750	7344	7406	3118	1799	1319	2.06	3079
"합계"	영등포구	대림2동	6889	10666	9723	12369	6067	6302	8020	4599	3421	1.80	3025
"합계"	영등포구	대림3동	10450	14095	13506	23128	11613	11515	4473	2482	1991	2.21	4336
"합계"	영등포구	영등포본동	10315	12446	11710	21624	11057	10567	2532	1389	1143	2.10	4032
"합계"	영등포구	영등포동	18442	15092	12950	27381	14754	12627	661	338	323	1.48	3492
"합계"	영등포구	도림동	9441	10651	10437	18416	9243	9173	2672	1408	1264	1.95	3362
"합계"	영등포구	문래동	13131	16113	16679	32591	16013	16578	201	100	101	2.48	4605
"합계"	동작구	소계	184193	195373	209244	393554	190422	203132	11063	4951	6112	2.14	64674
"합계"	동작구	노량진1동	15762	16241	16426	32312	16087	16225	355	154	201	2.05	5616
"합계"	동작구	노량진2동	7283	6964	6542	12580	6490	6090	926	474	452	1.73	2704
"합계"	동작구	상도1동	21584	22678	24459	45394	21978	23416	1743	700	1043	2.10	6813
"합계"	동작구	상도2동	12675	13656	14812	28141	13539	14602	327	117	210	2.22	4371
"합계"	동작구	상도3동	12075	12281	13378	25272	12087	13185	387	194	193	2.09	4305
"합계"	동작구	상도4동	13814	14328	15229	29146	14151	14995	411	177	234	2.11	4884
"합계"	동작구	사당1동	13275	11327	12457	23160	11025	12135	624	302	322	1.74	3647
"합계"	동작구	사당2동	11987	13412	14488	27459	13215	14244	441	197	244	2.29	5195
"합계"	동작구	사당3동	10542	12288	13142	25173	12177	12996	257	111	146	2.39	4350
"합계"	동작구	사당4동	7183	7023	7700	14538	6934	7604	185	89	96	2.02	2586
"합계"	동작구	사당5동	6613	7215	7666	14772	7171	7601	109	44	65	2.23	2225
"합계"	동작구	대방동	17289	18780	20650	39032	18578	20454	398	202	196	2.26	5578
"합계"	동작구	신대방1동	10235	12765	13396	23753	11457	12296	2408	1308	1100	2.32	3705
"합계"	동작구	신대방2동	9486	9769	10775	20269	9658	10611	275	111	164	2.14	3022
"합계"	동작구	흑석동	14390	16646	18124	32553	15875	16678	2217	771	1446	2.26	5673
"합계"	관악구	소계	275248	257638	256917	498574	250084	248490	15981	7554	8427	1.81	78206
"합계"	관악구	남현동	9518	9010	9670	18455	8917	9538	225	93	132	1.94	2709
"합계"	관악구	보라매동	12495	12546	12983	24665	12106	12559	864	440	424	1.97	4354
"합계"	관악구	청림동	6591	7776	8132	15782	7725	8057	126	51	75	2.39	2706
"합계"	관악구	행운동	17381	14510	15490	29474	14311	15163	526	199	327	1.70	4295
"합계"	관악구	낙성대동	11230	9002	8856	17229	8701	8528	629	301	328	1.53	1972
"합계"	관악구	중앙동	9789	7593	8423	15581	7428	8153	435	165	270	1.59	2402
"합계"	관악구	인헌동	14230	13015	13751	26403	12874	13529	363	141	222	1.86	3933
"합계"	관악구	서원동	14207	12256	11621	23091	11877	11214	786	379	407	1.63	3255
"합계"	관악구	신원동	10931	9796	9799	18470	9235	9235	1125	561	564	1.69	3219
"합계"	관악구	서림동	14595	13378	11154	23935	13136	10799	597	242	355	1.64	3466
"합계"	관악구	신사동	7399	7984	9162	16890	7841	9049	256	143	113	2.00	2931
"합계"	관악구	신림동	17352	11845	10999	21979	11427	10552	865	418	447	1.27	1970
"합계"	관악구	난향동	6456	7928	8154	15960	7862	8098	122	66	56	2.47	2739
"합계"	관악구	조원동	10639	9896	9552	17613	8898	8715	1835	998	837	1.66	2789
"합계"	관악구	대학동	16266	14870	10142	23784	14371	9413	1228	499	729	1.46	2836
"합계"	관악구	은천동	16101	17002	17814	34208	16739	17469	608	263	345	2.12	5756
"합계"	관악구	성현동	12569	14814	15806	30444	14742	15702	176	72	104	2.42	5304
"합계"	관악구	청룡동	22511	17372	18956	35047	16811	18236	1281	561	720	1.56	4389
"합계"	관악구	난곡동	13017	14091	14074	27632	13843	13789	533	248	285	2.12	5233
"합계"	관악구	삼성동	11420	12286	12322	24445	12226	12219	163	60	103	2.14	5746
"합계"	관악구	미성동	14234	15696	16371	31438	15372	16066	629	324	305	2.21	5625
"합계"	서초구	소계	173483	205671	224324	426009	203686	222323	3986	1985	2001	2.46	59495
"합계"	서초구	서초1동	9354	10230	11034	21067	10134	10933	197	96	101	2.25	2990
"합계"	서초구	서초2동	8730	9109	10050	18921	8966	9955	238	143	95	2.17	2211
"합계"	서초구	서초3동	14240	15403	16307	31364	15242	16122	346	161	185	2.20	4576
"합계"	서초구	서초4동	11079	15530	16340	31619	15387	16232	251	143	108	2.85	4037
"합계"	서초구	잠원동	12449	14706	16071	30583	14611	15972	194	95	99	2.46	3573
"합계"	서초구	반포본동	4114	5714	6356	12013	5686	6327	57	28	29	2.92	1959
"합계"	서초구	반포1동	14357	15860	16973	32495	15706	16789	338	154	184	2.26	3478
"합계"	서초구	반포2동	5122	7790	8526	16152	7713	8439	164	77	87	3.15	1928
"합계"	서초구	반포3동	7734	10561	11752	22256	10533	11723	57	28	29	2.88	2851
"합계"	서초구	반포4동	7288	9498	10519	19442	9187	10255	575	311	264	2.67	2794
"합계"	서초구	방배본동	8019	9927	11489	21235	9841	11394	181	86	95	2.65	3008
"합계"	서초구	방배1동	7692	8198	9334	17413	8141	9272	119	57	62	2.26	2816
"합계"	서초구	방배2동	8695	9645	10889	20381	9569	10812	153	76	77	2.34	3478
"합계"	서초구	방배3동	8351	10523	11278	21664	10455	11209	137	68	69	2.59	3693
"합계"	서초구	방배4동	9810	10990	13047	23757	10862	12895	280	128	152	2.42	3364
"합계"	서초구	양재1동	18299	21635	23615	44878	21463	23415	372	172	200	2.45	6742
"합계"	서초구	양재2동	10818	11458	11334	22528	11320	11208	264	138	126	2.08	2821
"합계"	서초구	내곡동	7332	8894	9410	18241	8870	9371	63	24	39	2.49	3176
"합계"	강남구	소계	234021	260358	283727	539235	257961	281274	4850	2397	2453	2.30	73942
"합계"	강남구	신사동	13716	12956	12848	22939	11483	11456	2865	1473	1392	2.00	3508
"합계"	강남구	논현1동	14450	11180	12623	23108	10821	12287	695	359	336	1.60	2970
"합계"	강남구	논현2동	11633	10224	11809	21772	10107	11665	261	117	144	1.87	3113
"합계"	강남구	삼성1동	5785	6974	7056	13795	6819	6976	235	155	80	2.38	2118
"합계"	강남구	삼성2동	13468	14512	15966	30236	14376	15860	242	136	106	2.25	3376
"합계"	강남구	대치1동	7407	12621	12514	25102	12601	12501	33	20	13	3.39	2316
"합계"	강남구	대치2동	13079	19427	18766	38053	19341	18712	140	86	54	2.91	4588
"합계"	강남구	대치4동	10338	9842	11027	20592	9709	10883	277	133	144	1.99	2022
"합계"	강남구	역삼1동	24143	17965	19151	36168	17540	18628	948	425	523	1.50	3644
"합계"	강남구	역삼2동	15730	17596	19901	37175	17442	19733	322	154	168	2.36	3607
"합계"	강남구	도곡1동	8662	10599	11762	22212	10518	11694	149	81	68	2.56	2883
"합계"	강남구	도곡2동	11863	15966	18384	34239	15898	18341	111	68	43	2.89	4669
"합계"	강남구	개포1동	2682	3278	3509	6762	3268	3494	25	10	15	2.52	1559
"합계"	강남구	개포2동	8089	10856	11615	22405	10820	11585	66	36	30	2.77	3094
"합계"	강남구	개포4동	7884	9011	9380	18231	8948	9283	160	63	97	2.31	2443
"합계"	강남구	일원본동	8152	11862	12224	24053	11844	12209	33	18	15	2.95	2810
"합계"	강남구	일원1동	7482	7855	8189	15886	7798	8088	158	57	101	2.12	3142
"합계"	강남구	일원2동	7389	8665	9261	17854	8643	9211	72	22	50	2.42	3155
"합계"	강남구	수서동	7872	7058	8459	15446	7039	8407	71	19	52	1.96	4323
"합계"	강남구	세곡동	17980	21340	23537	44686	21260	23426	191	80	111	2.49	6330
"합계"	강남구	압구정동	10688	12730	14881	27443	12638	14805	168	92	76	2.57	5047
"합계"	강남구	청담동	11846	12813	14551	27127	12690	14437	237	123	114	2.29	3802
"합계"	송파구	소계	281417	326602	350071	670331	323646	346685	6342	2956	3386	2.38	92149
"합계"	송파구	풍납1동	6459	7354	7560	14145	6975	7170	769	379	390	2.19	2787
"합계"	송파구	풍납2동	11132	12301	13579	25696	12216	13480	184	85	99	2.31	3629
"합계"	송파구	거여1동	5624	6668	6440	13003	6629	6374	105	39	66	2.31	2285
"합계"	송파구	거여2동	8147	9433	9785	19133	9402	9731	85	31	54	2.35	3408
"합계"	송파구	마천1동	9010	10267	9892	19966	10191	9775	193	76	117	2.22	4116
"합계"	송파구	마천2동	8858	10092	9790	19713	10019	9694	169	73	96	2.23	4015
"합계"	송파구	방이1동	6311	7871	8473	16233	7817	8416	111	54	57	2.57	2095
"합계"	송파구	방이2동	14408	12567	14088	26129	12328	13801	526	239	287	1.81	3417
"합계"	송파구	오륜동	5961	9174	9450	18613	9169	9444	11	5	6	3.12	2563
"합계"	송파구	오금동	15858	19585	20809	40220	19503	20717	174	82	92	2.54	6046
"합계"	송파구	송파1동	12434	11972	13480	25044	11759	13285	408	213	195	2.01	3362
"합계"	송파구	송파2동	7599	10021	10821	20683	9942	10741	159	79	80	2.72	2847
"합계"	송파구	석촌동	17120	15997	17585	32897	15673	17224	685	324	361	1.92	4380
"합계"	송파구	삼전동	16309	15125	16892	31627	14964	16663	390	161	229	1.94	3866
"합계"	송파구	가락본동	11952	13613	13878	27152	13454	13698	339	159	180	2.27	3586
"합계"	송파구	가락1동	9927	13579	14398	27898	13549	14349	79	30	49	2.81	2969
"합계"	송파구	가락2동	12343	16336	16922	33057	16246	16811	201	90	111	2.68	4012
"합계"	송파구	문정1동	8570	10364	10679	20851	10279	10572	192	85	107	2.43	2881
"합계"	송파구	문정2동	15543	13759	15977	29570	13694	15876	166	65	101	1.90	3792
"합계"	송파구	장지동	12185	14848	15844	30508	14750	15758	184	98	86	2.50	4111
"합계"	송파구	잠실본동	15464	13856	15522	28811	13599	15212	567	257	310	1.86	3660
"합계"	송파구	잠실2동	11954	17472	19042	36412	17413	18999	102	59	43	3.05	3414
"합계"	송파구	잠실3동	12158	16970	18666	35444	16872	18572	192	98	94	2.92	5356
"합계"	송파구	잠실4동	7447	10583	11365	21867	10546	11321	81	37	44	2.94	2672
"합계"	송파구	잠실6동	5964	8254	9138	17199	8143	9056	193	111	82	2.88	2726
"합계"	송파구	잠실7동	3467	4662	5344	9991	4654	5337	15	8	7	2.88	2090
"합계"	송파구	위례동	9213	13879	14652	28469	13860	14609	62	19	43	3.09	2064
"합계"	강동구	소계	194602	227346	234929	458058	225396	232662	4217	1950	2267	2.35	68798
"합계"	강동구	상일동	11524	16333	16818	33026	16276	16750	125	57	68	2.87	3569
"합계"	강동구	명일1동	10136	12958	13614	26481	12924	13557	91	34	57	2.61	3812
"합계"	강동구	명일2동	6022	8618	8861	17432	8598	8834	47	20	27	2.89	2409
"합계"	강동구	고덕1동	8895	13429	12994	26306	13353	12953	117	76	41	2.96	2770
"합계"	강동구	고덕2동	8422	11088	10818	21793	11029	10764	113	59	54	2.59	2696
"합계"	강동구	암사1동	16209	17831	18229	35744	17704	18040	316	127	189	2.21	5889
"합계"	강동구	암사2동	6355	7536	8020	15494	7512	7982	62	24	38	2.44	2311
"합계"	강동구	암사3동	6359	9003	9399	18347	8978	9369	55	25	30	2.89	2484
"합계"	강동구	천호1동	12919	13708	14191	27613	13605	14008	286	103	183	2.14	4987
"합계"	강동구	천호2동	17899	17640	18048	34943	17263	17680	745	377	368	1.95	5954
"합계"	강동구	천호3동	13891	13349	13920	26756	13093	13663	513	256	257	1.93	4538
"합계"	강동구	성내1동	8213	9902	10528	20299	9850	10449	131	52	79	2.47	2941
"합계"	강동구	성내2동	12817	12249	12687	24217	11879	12338	719	370	349	1.89	4176
"합계"	강동구	성내3동	10556	11655	12074	23450	11541	11909	279	114	165	2.22	3659
"합계"	강동구	둔촌1동	160	128	144	259	123	136	13	5	8	1.62	97
"합계"	강동구	둔촌2동	11188	13324	13761	26948	13260	13688	137	64	73	2.41	4162
"합계"	강동구	길동	21471	22923	24074	46672	22805	23867	325	118	207	2.17	7587
"합계"	강동구	강일동	11566	15672	16749	32278	15603	16675	143	69	74	2.79	4757
   